function f = mymultil(x) %,sigma1,sigma2)
% f = zeros(length(x),2);
% f(1) = x(1)^4 - 10*x(1)^2+x(1)*x(2) + x(2)^4 -(x(1)^2)*(x(2)^2);
% f(2) = x(2)^4 - (x(1)^2)*(x(2)^2) + x(1)^4 + x(1)*x(2);
% sigma1=[0.0004 0.00021 0.0054;...
%     0.00021 0.0225 0.0043;...
%     0.0054 0.0043 0.01];
% sigma2=[0.0003 0.0002 0.0043;...
%     0.0002 0.025 0.0154;...
%     0.0043 0.0154 0.015];
sigma1=[3.53802145826962e-05,-7.40982216748362e-06,-1.15373733127237e-05,-1.56712765190653e-05,-1.82486183717835e-05,-3.32274958463865e-06;-7.40982216748362e-06,3.56250539473793e-05,4.58119007720348e-05,3.59753958166294e-05,4.14822586027327e-05,1.50992213772638e-05;-1.15373733127237e-05,4.58119007720348e-05,9.98547413476721e-05,5.32239868448243e-05,6.76826869250036e-05,1.36101440167302e-05;-1.56712765190653e-05,3.59753958166294e-05,5.32239868448243e-05,9.67924804263549e-05,0.000100830801167971,3.34375598326983e-05;-1.82486183717835e-05,4.14822586027327e-05,6.76826869250036e-05,0.000100830801167971,0.000143536625674704,3.42960316005257e-05;-3.32274958463865e-06,1.50992213772638e-05,1.36101440167302e-05,3.34375598326983e-05,3.42960316005257e-05,0.000173254375966077];
sigma2=[5.47504371921183e-05,-1.58582402224213e-05,-2.53222564935065e-05,-3.29652658978952e-05,-4.21563468428124e-05,1.92769947007017e-06;-1.58582402224213e-05,6.78410865427676e-05,8.83166179653680e-05,6.79347788849082e-05,7.43358057172712e-05,2.72776143827437e-05;-2.53222564935065e-05,8.83166179653680e-05,0.000186175340909091,0.000109238804112554,0.000130176287878788,2.72863582251082e-05;-3.29652658978952e-05,6.79347788849082e-05,0.000109238804112554,0.000172041559747724,0.000181599221152411,5.98961701373339e-05;-4.21563468428124e-05,7.43358057172712e-05,0.000130176287878788,0.000181599221152411,0.000245921274070757,5.85657579489476e-05;1.92769947007017e-06,2.72776143827437e-05,2.72863582251082e-05,5.98961701373339e-05,5.85657579489476e-05,0.000172659611695776];
f(1)=0;
f(2)=0;
for i=1:size(x,2)
    for j=1:size(x,2)
        f(1)=f(1)+sigma1(i,j)*(x(i)*x(j));
        f(2)=f(2)+sigma2(i,j)*(x(i)*x(j));
    end
end

end

